       N       E                     dE             d eps       ncg     rms          rms(c)
DAV:   1     0.186525242593E+03    0.18653E+03   -0.10644E+04  5928   0.275E+03
DAV:   2    -0.953581912749E+01   -0.19606E+03   -0.17388E+03 10412   0.260E+02
DAV:   3    -0.381998065297E+02   -0.28664E+02   -0.28068E+02  7444   0.118E+02    0.716E+00
